#{"t_start": 1715688253.433289, "env_id": "Office-v0"}
r,l,t
0.0,14,0.0029
0.0,24,0.007197
0.0,6,0.008273
0.0,36,0.014575
0.0,21,0.018279
0.0,53,0.027613
0.0,56,0.037463
0.0,15,0.040138
0.0,20,0.043686
0.0,37,0.050215
0.0,38,0.056913
0.0,28,0.061832
0.0,15,0.064493
0.0,31,0.069986
0.0,101,0.087806
0.0,35,0.09397
0.0,21,0.097696
0.0,66,0.109296
0.0,59,0.119641
0.0,82,0.134158
0.0,20,0.137736
0.0,42,0.145223
0.0,113,0.164898
0.0,85,0.179874
0.0,76,0.193217
0.0,49,0.201889
0.0,35,0.208113
0.0,82,0.22257
0.0,76,0.235815
0.0,93,0.252397
0.0,125,0.274228
0.0,9,0.275826
0.0,77,0.289388
0.0,201,0.324413
0.0,182,0.356495
0.0,37,0.363068
0.0,84,0.377929
0.0,90,0.393961
0.0,96,0.410922
0.0,55,0.420605
0.0,29,0.425729
0.0,41,0.43297
0.0,176,0.464007
0.0,252,0.508097
0.0,131,0.531089
0.0,137,0.555166
0.0,11,0.557141
0.0,117,0.577839
0.0,209,0.614643
0.0,204,0.650609
0.0,5,0.651529
0.0,27,0.65631
0.0,39,0.662925
0.0,412,0.735668
0.0,53,0.745035
1.0,81,0.759206
0.0,77,0.773009
0.0,225,0.813016
0.0,392,0.881532
0.0,34,0.887581
0.0,254,0.93257
0.0,29,0.93776
0.0,412,1.009542
0.0,115,1.029936
0.0,124,1.051572
0.0,222,1.090287
0.0,32,1.095968
1.0,31,1.101379
0.0,50,1.110139
0.0,50,1.118913
0.0,74,1.131919
0.0,213,1.16957
1.0,24,1.17372
0.0,30,1.179048
0.0,123,1.200443
0.0,98,1.217696
1.0,33,1.223295
0.0,253,1.267911
0.0,85,1.282633
0.0,51,1.291799
0.0,11,1.293879
0.0,208,1.330702
0.0,128,1.35338
1.0,8,1.354799
0.0,80,1.369008
0.0,66,1.380776
0.0,36,1.387249
1.0,20,1.390817
0.0,8,1.392246
0.0,187,1.425416
0.0,297,1.477241
0.0,314,1.532675
0.0,216,1.570441
0.0,73,1.583363
0.0,27,1.5882
0.0,222,1.627276
0.0,51,1.636074
0.0,18,1.639255
0.0,87,1.654649
1.0,28,1.659579
0.0,25,1.66402
0.0,2,1.664395
0.0,2,1.664769
0.0,18,1.667955
1.0,238,1.709175
0.0,13,1.711498
0.0,31,1.716977
0.0,18,1.720178
1.0,34,1.726044
0.0,348,1.796312
0.0,40,1.803708
1.0,78,1.817499
0.0,18,1.820701
0.0,19,1.824098
0.0,340,1.88536
0.0,209,1.922553
0.0,247,1.966127
0.0,782,2.10513
0.0,98,2.122318
1.0,83,2.13704
0.0,185,2.169692
0.0,16,2.172544
0.0,450,2.251595
0.0,102,2.26973
1.0,45,2.277721
0.0,119,2.298733
0.0,52,2.307942
1.0,52,2.31712
1.0,163,2.345624
0.0,113,2.36559
0.0,104,2.383931
0.0,10,2.385704
0.0,78,2.399412
0.0,276,2.448197
1.0,504,2.535825
0.0,78,2.549534
1.0,203,2.584929
0.0,23,2.588983
0.0,146,2.614846
0.0,25,2.619299
1.0,31,2.624793
1.0,225,2.664209
0.0,7,2.665448
1.0,99,2.682874
0.0,15,2.68555
0.0,193,2.71948
0.0,46,2.727601
1.0,93,2.744026
1.0,281,2.793771
0.0,26,2.798383
1.0,62,2.80948
0.0,25,2.813936
1.0,207,2.850442
1.0,294,2.901895
0.0,273,2.949986
0.0,98,2.96728
0.0,20,2.970844
0.0,12,2.97299
0.0,40,2.9801
1.0,140,3.00484
0.0,65,3.016347
0.0,50,3.024785
1.0,111,3.044425
0.0,26,3.049053
0.0,36,3.055509
0.0,45,3.064561
0.0,18,3.067987
1.0,101,3.086561
1.0,107,3.105502
0.0,9,3.107118
0.0,23,3.11122
0.0,216,3.149117
0.0,61,3.159965
0.0,16,3.162801
1.0,138,3.187464
1.0,67,3.199273
0.0,181,3.231297
0.0,198,3.26597
1.0,133,3.289391
0.0,20,3.292913
0.0,98,3.310081
0.0,14,3.31256
1.0,70,3.324872
0.0,21,3.32859
0.0,43,3.336103
1.0,66,3.347645
0.0,30,3.352933
0.0,125,3.375002
0.0,53,3.384315
0.0,56,3.394276
0.0,36,3.400667
0.0,57,3.410794
0.0,335,3.470055
0.0,240,3.512113
1.0,214,3.549889
0.0,111,3.569635
0.0,45,3.57762
0.0,155,3.604734
0.0,153,3.631737
0.0,94,3.648514
0.0,2,3.648891
0.0,11,3.650847
0.0,175,3.681724
1.0,49,3.690404
0.0,33,3.69631
0.0,39,3.703148
1.0,51,3.712075
0.0,69,3.724341
0.0,33,3.730254
0.0,13,3.732563
1.0,125,3.754508
0.0,25,3.75896
0.0,93,3.77533
0.0,49,3.783997
0.0,198,3.819123
1.0,36,3.825537
0.0,114,3.845751
0.0,2,3.846128
0.0,147,3.872107
0.0,68,3.884189
0.0,69,3.896407
0.0,2,3.896774
1.0,135,3.920265
1.0,21,3.923977
0.0,80,3.938006
0.0,39,3.944936
0.0,180,3.976651
1.0,45,3.984623
0.0,31,3.990162
0.0,101,4.007913
0.0,69,4.02003
1.0,18,4.02321
0.0,29,4.028363
0.0,114,4.048617
1.0,279,4.098066
1.0,22,4.101968
0.0,74,4.114782
1.0,90,4.130706
0.0,270,4.177818
0.0,22,4.181746
0.0,9,4.183358
1.0,81,4.197624
0.0,36,4.204034
1.0,29,4.20913
0.0,14,4.211608
0.0,14,4.21406
0.0,20,4.217605
1.0,55,4.227237
0.0,45,4.235052
0.0,137,4.259078
0.0,211,4.296221
1.0,154,4.323398
1.0,57,4.333398
1.0,182,4.365446
1.0,89,4.381161
0.0,40,4.388264
1.0,123,4.410093
0.0,125,4.432098
1.0,85,4.446969
1.0,4,4.447669
0.0,17,4.450685
0.0,42,4.458154
0.0,14,4.460647
1.0,65,4.472105
1.0,73,4.485121
1.0,125,4.507204
0.0,4,4.507925
1.0,39,4.514745
1.0,306,4.568411
0.0,83,4.583083
1.0,153,4.610237
1.0,31,4.615696
0.0,19,4.619054
0.0,194,4.653389
0.0,19,4.656788
1.0,32,4.662402
0.0,49,4.670969
0.0,44,4.678756
0.0,34,4.684804
0.0,13,4.687103
0.0,26,4.691718
0.0,46,4.699799
1.0,139,4.724273
0.0,19,4.727618
0.0,58,4.737891
1.0,124,4.759711
0.0,33,4.765575
1.0,34,4.771486
0.0,38,4.778213
1.0,45,4.785998
0.0,24,4.790089
1.0,18,4.793285
1.0,131,4.816303
0.0,121,4.837589
0.0,21,4.841261
1.0,22,4.845125
0.0,72,4.857715
0.0,141,4.882544
0.0,33,4.888355
1.0,46,4.896449
0.0,16,4.899296
0.0,42,4.906732
0.0,13,4.909063
0.0,9,4.910679
1.0,21,4.914363
0.0,64,4.925689
0.0,24,4.929983
1.0,27,4.934725
0.0,19,4.938122
0.0,21,4.941857
0.0,12,4.944015
1.0,32,4.949677
0.0,9,4.951285
0.0,29,4.956401
0.0,239,4.998244
1.0,20,5.001804
0.0,65,5.013329
0.0,20,5.016866
0.0,90,5.03277
0.0,9,5.034392
0.0,55,5.044156
0.0,52,5.05337
0.0,4,5.054086
0.0,8,5.055529
0.0,64,5.066845
0.0,97,5.084046
0.0,119,5.105193
1.0,14,5.107677
0.0,22,5.111586
0.0,29,5.116798
0.0,89,5.132547
1.0,21,5.136282
1.0,45,5.144232
1.0,184,5.176958
0.0,106,5.195829
1.0,19,5.199187
0.0,17,5.202199
0.0,47,5.210507
0.0,112,5.230381
1.0,20,5.233926
1.0,21,5.237626
0.0,163,5.266553
0.0,265,5.313368
0.0,9,5.315008
1.0,96,5.332057
0.0,6,5.333138
0.0,42,5.340616
0.0,21,5.344383
1.0,118,5.365341
1.0,157,5.392858
0.0,10,5.394659
0.0,4,5.395379
0.0,27,5.400155
1.0,53,5.409496
1.0,415,5.482455
0.0,48,5.49094
1.0,187,5.524108
1.0,44,5.531875
0.0,30,5.537226
1.0,145,5.562761
1.0,22,5.566593
1.0,85,5.581447
0.0,4,5.58218
0.0,38,5.58894
0.0,4,5.589679
0.0,126,5.611804
0.0,62,5.622851
1.0,72,5.635626
0.0,42,5.643083
1.0,83,5.65782
1.0,163,5.686341
1.0,33,5.692194
1.0,143,5.717475
1.0,53,5.726785
0.0,33,5.732622
0.0,1,5.732814
0.0,213,5.770441
0.0,9,5.77207
0.0,18,5.77526
0.0,25,5.779684
0.0,22,5.783601
0.0,47,5.791937
0.0,29,5.797011
0.0,16,5.79984
0.0,30,5.805212
0.0,5,5.806112
0.0,33,5.811664
1.0,29,5.816777
0.0,15,5.819446
0.0,43,5.827099
0.0,31,5.832395
1.0,17,5.835391
1.0,180,5.866914
0.0,60,5.87754
0.0,21,5.881222
1.0,13,5.883524
0.0,29,5.888679
0.0,36,5.895106
0.0,18,5.89831
1.0,19,5.901672
0.0,29,5.906729
0.0,25,5.910935
0.0,14,5.913447
1.0,14,5.915913
0.0,12,5.918076
0.0,3,5.918616
0.0,5,5.919473
1.0,13,5.921766
0.0,34,5.927795
1.0,42,5.935189
1.0,40,5.942313
1.0,16,5.945118
1.0,33,5.950976
0.0,29,5.956128
0.0,41,5.963107
1.0,16,5.965926
0.0,32,5.971263
0.0,10,5.973046
1.0,33,5.978461
1.0,43,5.985952
0.0,65,5.99681
0.0,80,6.010871
1.0,198,6.046167
1.0,20,6.04965
1.0,44,6.056962
0.0,18,6.060067
0.0,26,6.064692
1.0,18,6.067875
0.0,10,6.069657
0.0,19,6.07304
1.0,61,6.083876
1.0,18,6.086999
1.0,56,6.096768
0.0,25,6.101186
0.0,105,6.119633
1.0,41,6.126854
0.0,25,6.131234
0.0,94,6.147905
0.0,44,6.155592
1.0,21,6.159321
0.0,67,6.170761
1.0,31,6.176235
1.0,50,6.185141
1.0,23,6.189154
0.0,41,6.196418
0.0,32,6.20209
0.0,32,6.207508
1.0,14,6.209993
0.0,86,6.225141
0.0,61,6.235992
0.0,6,6.237078
1.0,14,6.239553
1.0,105,6.257838
0.0,59,6.268342
1.0,82,6.282688
1.0,16,6.28553
1.0,60,6.296171
1.0,67,6.308063
1.0,67,6.319735
1.0,15,6.322398
1.0,92,6.338576
1.0,65,6.350135
0.0,44,6.357953
1.0,22,6.361797
0.0,18,6.364947
0.0,29,6.370102
1.0,97,6.387241
1.0,25,6.391634
0.0,85,6.406698
0.0,17,6.409701
0.0,21,6.41344
1.0,16,6.416269
0.0,55,6.426025
0.0,2,6.426393
1.0,27,6.431195
1.0,13,6.433497
1.0,65,6.444974
1.0,92,6.461318
1.0,38,6.468092
1.0,18,6.471283
1.0,54,6.480848
0.0,5,6.481741
1.0,42,6.489214
1.0,19,6.492533
0.0,39,6.499404
1.0,33,6.505241
1.0,34,6.511357
1.0,14,6.513839
0.0,34,6.519862
1.0,120,6.541154
0.0,14,6.543682
1.0,19,6.546952
1.0,13,6.549252
1.0,64,6.560541
0.0,30,6.565867
1.0,15,6.568524
0.0,81,6.582534
1.0,95,6.599351
0.0,14,6.601864
1.0,11,6.603819
1.0,125,6.625962
1.0,51,6.634855
0.0,26,6.639415
1.0,13,6.64172
0.0,32,6.647435
0.0,27,6.652196
0.0,3,6.652739
1.0,20,6.656246
0.0,50,6.665159
0.0,158,6.693092
1.0,89,6.708981
1.0,21,6.712658
1.0,74,6.725748
1.0,61,6.736615
1.0,93,6.753169
1.0,18,6.756351
1.0,50,6.765216
1.0,43,6.772812
1.0,127,6.795351
1.0,15,6.798001
1.0,52,6.807188
1.0,39,6.814073
0.0,36,6.820507
1.0,18,6.8237
0.0,52,6.832911
0.0,13,6.83522
0.0,17,6.83823
1.0,14,6.840684
0.0,27,6.84547
0.0,32,6.851072
0.0,12,6.853229
1.0,16,6.856062
1.0,47,6.864291
1.0,152,6.890817
0.0,17,6.893868
0.0,12,6.896004
0.0,39,6.902922
0.0,71,6.915453
0.0,12,6.917626
1.0,20,6.921162
1.0,150,6.947394
0.0,20,6.950954
0.0,28,6.955979
1.0,25,6.960339
0.0,35,6.966514
0.0,39,6.973443
1.0,38,6.980192
1.0,26,6.984784
1.0,63,6.995924
0.0,2,6.996285
1.0,52,7.005368
0.0,9,7.006989
1.0,44,7.014606
0.0,30,7.019912
0.0,41,7.027155
1.0,13,7.029472
0.0,49,7.03816
0.0,19,7.041542
1.0,88,7.057209
0.0,6,7.058292
0.0,29,7.063426
0.0,30,7.068788
1.0,33,7.074647
1.0,12,7.076779
0.0,11,7.078742
1.0,57,7.088822
1.0,27,7.093609
1.0,14,7.096091
0.0,35,7.102233
0.0,7,7.10348
0.0,8,7.104914
1.0,17,7.107886
0.0,22,7.111745
0.0,41,7.118997
1.0,39,7.125838
0.0,2,7.126202
1.0,40,7.133263
0.0,13,7.135533
1.0,38,7.142299
1.0,15,7.144956
0.0,31,7.150454
1.0,81,7.164644
1.0,31,7.17018
1.0,11,7.172129
1.0,6,7.17317
0.0,12,7.175296
1.0,25,7.179755
1.0,13,7.182044
0.0,102,7.199868
0.0,123,7.221624
0.0,33,7.227539
1.0,13,7.229853
0.0,219,7.268295
0.0,8,7.269754
0.0,34,7.275765
1.0,13,7.278014
0.0,55,7.287695
1.0,55,7.297378
0.0,9,7.298992
1.0,11,7.300954
0.0,20,7.304488
1.0,73,7.317337
0.0,29,7.322452
1.0,11,7.324405
0.0,22,7.328304
1.0,42,7.335726
1.0,82,7.350331
1.0,15,7.352994
0.0,31,7.35852
0.0,64,7.369862
0.0,27,7.374691
1.0,11,7.376635
0.0,32,7.382322
1.0,106,7.401013
1.0,52,7.410288
0.0,10,7.412072
1.0,115,7.432475
1.0,41,7.439731
0.0,10,7.441517
1.0,11,7.443465
1.0,34,7.449522
1.0,52,7.458719
1.0,69,7.471062
1.0,19,7.474433
0.0,11,7.47638
0.0,21,7.480129
1.0,63,7.491392
1.0,11,7.493345
0.0,15,7.495929
1.0,47,7.504164
1.0,62,7.515189
1.0,15,7.517819
0.0,84,7.532382
0.0,24,7.536619
1.0,45,7.544693
1.0,11,7.546651
0.0,119,7.567197
1.0,49,7.575723
1.0,49,7.584438
1.0,15,7.587088
0.0,30,7.592432
0.0,6,7.593503
1.0,61,7.604354
1.0,18,7.607536
0.0,19,7.610936
1.0,49,7.619535
1.0,49,7.628266
0.0,7,7.629518
0.0,24,7.633794
1.0,35,7.639954
1.0,38,7.646758
0.0,9,7.64838
1.0,32,7.653813
1.0,42,7.66122
0.0,11,7.663203
0.0,12,7.665336
0.0,33,7.670832
1.0,33,7.676649
0.0,1,7.676842
1.0,30,7.682142
0.0,95,7.698513
0.0,12,7.700654
1.0,60,7.71137
0.0,27,7.716204
0.0,124,7.737257
0.0,4,7.737981
1.0,54,7.747637
0.0,9,7.749247
0.0,21,7.753002
0.0,41,7.760261
0.0,57,7.769715
1.0,13,7.772045
0.0,82,7.786105
0.0,54,7.795747
1.0,81,7.810118
1.0,23,7.814213
0.0,4,7.814928
1.0,79,7.828991
1.0,42,7.836457
1.0,28,7.841388
1.0,82,7.855469
1.0,66,7.86803
1.0,46,7.876289
1.0,11,7.878248
0.0,31,7.883778
1.0,31,7.889277
1.0,19,7.892692
1.0,13,7.895
0.0,12,7.897155
1.0,33,7.903041
0.0,10,7.904824
0.0,9,7.906462
0.0,11,7.90844
0.0,2,7.908802
1.0,51,7.917828
1.0,11,7.919782
1.0,26,7.924113
1.0,40,7.931181
0.0,21,7.934841
1.0,11,7.936789
0.0,17,7.939812
0.0,47,7.948164
1.0,61,7.958978
1.0,13,7.961256
1.0,27,7.965845
1.0,33,7.971673
0.0,153,7.99852
0.0,10,8.000341
1.0,117,8.020798
1.0,31,8.026289
0.0,34,8.032312
0.0,4,8.033025
1.0,104,8.051334
1.0,31,8.056803
0.0,78,8.070731
0.0,12,8.072884
0.0,29,8.077917
0.0,4,8.078636
1.0,83,8.09334
1.0,32,8.099042
1.0,84,8.113944
0.0,23,8.118055
0.0,145,8.143071
1.0,22,8.146972
0.0,16,8.149796
0.0,64,8.161128
1.0,110,8.180575
1.0,19,8.18397
1.0,117,8.204444
1.0,51,8.213502
0.0,19,8.216883
0.0,11,8.218848
1.0,84,8.233759
0.0,71,8.246366
1.0,47,8.254725
1.0,12,8.256864
0.0,22,8.26083
1.0,49,8.269489
0.0,12,8.271622
1.0,15,8.274241
0.0,42,8.281729
1.0,31,8.287258
0.0,47,8.295603
0.0,11,8.297578
0.0,37,8.304163
0.0,7,8.305424
0.0,6,8.306518
1.0,31,8.31202
0.0,71,8.324686
1.0,34,8.330706
1.0,67,8.342396
0.0,4,8.343122
0.0,9,8.344726
1.0,34,8.350715
0.0,42,8.35826
0.0,4,8.358989
1.0,21,8.362653
1.0,33,8.368485
0.0,105,8.386923
0.0,8,8.388352
0.0,6,8.389433
0.0,4,8.390166
1.0,32,8.39594
0.0,7,8.397216
0.0,17,8.400259
0.0,84,8.415191
0.0,34,8.421166
1.0,21,8.424884
0.0,133,8.448425
1.0,36,8.454821
1.0,49,8.463555
0.0,9,8.465171
1.0,96,8.481693
1.0,36,8.488081
0.0,94,8.504548
1.0,22,8.508461
1.0,37,8.51497
1.0,37,8.521498
1.0,31,8.526978
0.0,4,8.527688
0.0,91,8.543731
1.0,26,8.548328
1.0,34,8.554405
1.0,13,8.556716
1.0,68,8.568761
0.0,29,8.573909
1.0,35,8.580062
1.0,15,8.582703
0.0,79,8.596547
0.0,27,8.601343
0.0,14,8.603841
1.0,15,8.60649
1.0,42,8.613841
1.0,50,8.622724
1.0,40,8.6298
1.0,11,8.631753
1.0,29,8.636883
1.0,38,8.643599
1.0,38,8.650403
1.0,16,8.653245
0.0,18,8.656389
0.0,8,8.657826
1.0,34,8.663895
0.0,10,8.665684
1.0,59,8.676209
1.0,38,8.682976
1.0,33,8.688912
1.0,11,8.690871
0.0,13,8.693196
1.0,37,8.699764
1.0,35,8.705994
1.0,11,8.707964
1.0,72,8.720758
0.0,9,8.722348
1.0,28,8.727376
1.0,13,8.729661
0.0,47,8.738036
0.0,8,8.739475
1.0,31,8.745024
1.0,11,8.746984
1.0,58,8.757111
0.0,6,8.7582
1.0,31,8.763739
1.0,13,8.766035
1.0,63,8.776996
0.0,6,8.778086
0.0,21,8.781863
0.0,12,8.784017
0.0,77,8.797696
0.0,36,8.804085
1.0,38,8.810886
1.0,20,8.814427
1.0,67,8.826337
0.0,25,8.830803
1.0,32,8.836656
1.0,196,8.871485
0.0,26,8.876112
1.0,56,8.886053
0.0,31,8.891504
1.0,12,8.893629
0.0,7,8.894881
1.0,34,8.9009
0.0,22,8.904762
1.0,32,8.910418
0.0,112,8.930315
0.0,30,8.935682
1.0,28,8.940698
1.0,18,8.943913
1.0,109,8.963264
1.0,36,8.969621
1.0,27,8.974446
0.0,13,8.976769
0.0,30,8.982017
1.0,36,8.988353
1.0,34,8.994444
1.0,16,8.997242
0.0,14,8.999749
0.0,12,9.001893
0.0,14,9.004391
0.0,18,9.007602
1.0,10,9.00933
1.0,50,9.018137
0.0,12,9.020309
1.0,28,9.02523
0.0,24,9.029449
0.0,146,9.055047
0.0,58,9.065024
0.0,4,9.065739
1.0,37,9.071914
1.0,26,9.076499
0.0,58,9.086806
0.0,11,9.088755
1.0,30,9.093864
1.0,34,9.099887
0.0,27,9.104712
1.0,39,9.11155
1.0,37,9.117931
1.0,32,9.123634
1.0,29,9.128814
1.0,16,9.131628
1.0,61,9.142419
1.0,33,9.148055
0.0,42,9.155474
1.0,19,9.158811
1.0,34,9.164809
1.0,76,9.178347
0.0,14,9.180832
1.0,14,9.183308
1.0,30,9.18862
0.0,37,9.195179
0.0,16,9.197993
1.0,16,9.200814
0.0,4,9.201523
1.0,43,9.209214
1.0,114,9.229177
1.0,16,9.232022
1.0,36,9.238422
1.0,45,9.246376
0.0,12,9.248542
1.0,11,9.250487
0.0,8,9.251929
1.0,29,9.257051
0.0,14,9.259563
0.0,4,9.26028
1.0,31,9.265755
1.0,52,9.274872
0.0,49,9.283483
0.0,4,9.284219
1.0,23,9.288352
1.0,30,9.293656
1.0,34,9.299666
1.0,12,9.301798
0.0,31,9.307307
0.0,20,9.310896
0.0,32,9.31649
1.0,14,9.318941
0.0,23,9.323216
0.0,10,9.32499
0.0,6,9.326052
1.0,11,9.327995
1.0,32,9.333679
0.0,10,9.33546
0.0,20,9.338968
1.0,11,9.340917
1.0,43,9.34856
0.0,4,9.349273
1.0,41,9.356582
1.0,11,9.358533
1.0,56,9.368333
1.0,26,9.37292
1.0,86,9.388232
1.0,15,9.390878
0.0,46,9.398463
0.0,77,9.412002
1.0,29,9.417212
0.0,9,9.418842
0.0,11,9.420831
0.0,12,9.42297
1.0,40,9.430051
1.0,25,9.434374
0.0,9,9.435992
0.0,17,9.439015
0.0,6,9.440089
1.0,11,9.442031
0.0,10,9.443802
0.0,9,9.445413
1.0,35,9.451637
1.0,11,9.45356
0.0,11,9.455499
1.0,38,9.462188
0.0,86,9.477376
1.0,13,9.479649
0.0,11,9.48159
0.0,33,9.48738
0.0,41,9.494755
1.0,11,9.496723
0.0,35,9.502953
0.0,125,9.525193
1.0,59,9.535757
1.0,13,9.538017
0.0,137,9.561463
0.0,79,9.575172
0.0,67,9.586706
1.0,11,9.588675
0.0,44,9.596489
0.0,58,9.606666
0.0,49,9.615383
1.0,11,9.61734
0.0,24,9.62156
0.0,20,9.62511
0.0,9,9.626735
1.0,11,9.628673
0.0,24,9.632926
0.0,108,9.652074
0.0,24,9.656397
1.0,11,9.658349
0.0,18,9.661547
0.0,14,9.66406
0.0,26,9.668727
1.0,15,9.671353
0.0,13,9.673673
0.0,24,9.677947
0.0,37,9.684505
1.0,11,9.686463
0.0,9,9.688087
0.0,50,9.696987
0.0,32,9.702675
1.0,11,9.704622
0.0,40,9.711686
1.0,99,9.729245
1.0,85,9.743985
1.0,11,9.74595
0.0,26,9.750392
0.0,30,9.755623
1.0,35,9.76189
1.0,11,9.763842
1.0,37,9.770427
1.0,38,9.777182
1.0,40,9.784315
1.0,42,9.791662
1.0,142,9.816828
1.0,42,9.824288
1.0,39,9.831308
1.0,11,9.833283
1.0,82,9.847804
1.0,43,9.855306
1.0,50,9.864235
1.0,12,9.866388
0.0,32,9.87216
0.0,20,9.875725
0.0,19,9.879112
1.0,11,9.881062
0.0,8,9.882494
1.0,39,9.889334
1.0,36,9.895664
1.0,11,9.897612
1.0,39,9.904366
1.0,35,9.910738
1.0,46,9.918997
1.0,13,9.921313
0.0,23,9.925426
1.0,32,9.931142
0.0,4,9.931863
0.0,7,9.933142
1.0,42,9.940688
1.0,37,9.947305
0.0,32,9.952965
1.0,11,9.954922
0.0,26,9.959563
0.0,30,9.964899
0.0,35,9.971101
1.0,13,9.973383
1.0,23,9.977421
0.0,15,9.980064
1.0,82,9.994647
1.0,13,9.996956
1.0,24,10.001164
0.0,8,10.002577
0.0,89,10.018333
1.0,30,10.023624
1.0,26,10.028179
1.0,47,10.036444
0.0,40,10.043576
0.0,11,10.045541
1.0,29,10.050588
0.0,8,10.051995
0.0,27,10.056784
1.0,13,10.059067
0.0,16,10.061869
0.0,32,10.06753
0.0,47,10.0758
1.0,12,10.077916
0.0,4,10.078621
1.0,29,10.083623
0.0,14,10.086085
1.0,12,10.088162
1.0,25,10.092585
1.0,37,10.099082
1.0,23,10.103128
1.0,12,10.105236
1.0,26,10.109801
0.0,12,10.111946
0.0,18,10.115071
1.0,13,10.117364
0.0,15,10.120025
0.0,12,10.122168
0.0,15,10.124816
1.0,11,10.126805
0.0,14,10.129245
1.0,113,10.149253
1.0,48,10.157481
1.0,11,10.159442
0.0,24,10.163737
0.0,9,10.165369
1.0,39,10.172064
1.0,13,10.174366
0.0,12,10.176525
1.0,44,10.184257
0.0,1,10.18445
1.0,12,10.18657
0.0,23,10.190657
1.0,96,10.207667
1.0,69,10.219566
1.0,15,10.222198
1.0,70,10.234588
0.0,44,10.242445
0.0,4,10.243177
1.0,14,10.245651
0.0,41,10.252945
0.0,12,10.255096
0.0,9,10.256692
1.0,13,10.258988
0.0,19,10.262333
0.0,12,10.264461
0.0,36,10.270772
1.0,11,10.272719
0.0,58,10.283025
1.0,34,10.289074
0.0,8,10.290515
1.0,12,10.292598
1.0,32,10.29819
0.0,28,10.303117
0.0,14,10.305592
1.0,15,10.308228
0.0,6,10.309291
0.0,14,10.311773
1.0,41,10.318931
1.0,13,10.321231
0.0,8,10.32267
1.0,40,10.329866
0.0,4,10.330585
1.0,13,10.332882
1.0,35,10.339066
1.0,39,10.345864
0.0,83,10.360564
1.0,15,10.363228
1.0,27,10.367956
0.0,12,10.370075
0.0,3,10.370594
1.0,13,10.37288
1.0,46,10.380994
1.0,45,10.388889
1.0,49,10.397504
1.0,13,10.399808
1.0,42,10.407245
1.0,45,10.415232
1.0,21,10.418879
0.0,11,10.420842
0.0,6,10.421911
0.0,17,10.424945
0.0,8,10.426377
1.0,12,10.428463
1.0,34,10.434495
0.0,14,10.436991
0.0,38,10.443497
1.0,11,10.445444
1.0,32,10.451125
0.0,7,10.452375
0.0,10,10.454164
1.0,11,10.456114
1.0,25,10.460546
1.0,40,10.467633
0.0,30,10.472969
1.0,11,10.474925
1.0,38,10.481633
1.0,32,10.487299
1.0,41,10.494639
1.0,13,10.496928
1.0,33,10.502796
0.0,9,10.504409
1.0,32,10.510109
0.0,9,10.511728
1.0,38,10.518456
0.0,20,10.522047
0.0,8,10.523481
1.0,13,10.525775
1.0,36,10.532164
0.0,39,10.539072
1.0,35,10.545261
0.0,9,10.546873
0.0,20,10.550432
1.0,53,10.559763
1.0,31,10.565268
1.0,11,10.567217
0.0,14,10.56971
0.0,14,10.572162
0.0,15,10.574859
1.0,13,10.577151
0.0,15,10.579825
0.0,1,10.580017
1.0,39,10.586931
1.0,14,10.589382
0.0,4,10.590113
0.0,4,10.590839
0.0,10,10.592594
1.0,11,10.594538
0.0,6,10.595599
0.0,9,10.597204
0.0,6,10.598369
0.0,4,10.599096
0.0,8,10.600512
1.0,41,10.607769
1.0,68,10.61969
1.0,14,10.622187
1.0,158,10.649961
1.0,58,10.659555
0.0,34,10.665591
1.0,11,10.667562
1.0,58,10.677788
1.0,49,10.68649
1.0,34,10.692561
1.0,13,10.69482
0.0,3,10.695372
1.0,43,10.703
1.0,31,10.708531
1.0,11,10.710483
0.0,17,10.713491
1.0,39,10.720419
1.0,30,10.725785
1.0,11,10.727753
1.0,48,10.736229
1.0,36,10.742619
0.0,150,10.768496
1.0,11,10.770469
0.0,6,10.771525
0.0,12,10.773684
0.0,22,10.777589
1.0,11,10.779538
0.0,28,10.784363
1.0,40,10.791459
1.0,39,10.798298
1.0,14,10.800771
1.0,40,10.807903
1.0,54,10.817456
0.0,6,10.818522
0.0,11,10.820496
0.0,21,10.824273
1.0,36,10.830675
0.0,16,10.833501
0.0,2,10.833868
1.0,71,10.846479
0.0,14,10.848974
1.0,32,10.854668
1.0,11,10.856622
0.0,23,10.860713
1.0,37,10.867251
1.0,22,10.8711
1.0,14,10.873571
1.0,74,10.886708
1.0,51,10.895774
1.0,48,10.903997
1.0,16,10.906788
0.0,47,10.915115
0.0,22,10.918985
1.0,27,10.923765
1.0,11,10.92572
1.0,53,10.935008
1.0,36,10.941377
1.0,30,10.946692
0.0,8,10.948123
1.0,54,10.957529
0.0,13,10.959812
0.0,20,10.963318
1.0,11,10.965263
1.0,39,10.972179
1.0,38,10.9789
1.0,28,10.983868
1.0,16,10.986673
1.0,53,10.996097
1.0,41,11.003254
0.0,10,11.005026
1.0,11,11.006981
0.0,25,11.011402
1.0,35,11.01759
1.0,27,11.02238
1.0,11,11.024321
0.0,14,11.026809
0.0,34,11.032829
1.0,27,11.037616
1.0,11,11.039566
0.0,25,11.043886
0.0,6,11.04496
0.0,8,11.046398
1.0,13,11.048675
0.0,6,11.049749
1.0,40,11.056831
0.0,14,11.059303
1.0,11,11.061249
0.0,6,11.062321
0.0,6,11.063422
0.0,10,11.065182
1.0,11,11.067132
1.0,29,11.072274
1.0,59,11.082618
0.0,6,11.083693
1.0,13,11.085976
0.0,22,11.089865
0.0,23,11.093949
1.0,27,11.098769
0.0,9,11.100389
0.0,18,11.103598
0.0,17,11.106519
1.0,25,11.110957
1.0,12,11.113077
1.0,28,11.118007
0.0,13,11.120282
0.0,19,11.123656
1.0,11,11.125608
0.0,8,11.127008
0.0,1,11.1272
1.0,27,11.131992
1.0,15,11.134645
0.0,18,11.137856
0.0,46,11.14551
1.0,30,11.15087
0.0,2,11.151231
0.0,18,11.154452
0.0,103,11.172651
1.0,30,11.178053
1.0,23,11.182129
0.0,15,11.184789
1.0,40,11.191886
1.0,25,11.196362
1.0,16,11.199194
0.0,16,11.202012
0.0,35,11.207904
0.0,23,11.212033
1.0,20,11.215531
0.0,9,11.217147
1.0,60,11.227814
0.0,23,11.231935
1.0,17,11.234938
0.0,35,11.240984
0.0,41,11.248289
0.0,17,11.251258
1.0,15,11.253916
0.0,24,11.258174
1.0,38,11.264863
1.0,30,11.270066
1.0,16,11.272901
0.0,77,11.286528
1.0,51,11.295593
1.0,34,11.301578
1.0,20,11.305106
1.0,61,11.315859
1.0,49,11.32454
1.0,32,11.330513
1.0,21,11.334184
0.0,2,11.334547
1.0,36,11.340893
0.0,77,11.354576
0.0,13,11.356925
0.0,43,11.364605
0.0,14,11.367114
0.0,1,11.367308
1.0,11,11.369253
0.0,82,11.383765
0.0,4,11.384509
0.0,29,11.389575
0.0,6,11.390659
0.0,7,11.3919
0.0,76,11.405411
1.0,39,11.41233
1.0,11,11.414281
1.0,71,11.426422
0.0,55,11.436121
1.0,31,11.441621
1.0,14,11.444095
1.0,46,11.451777
1.0,44,11.459571
0.0,19,11.462984
1.0,12,11.465113
0.0,12,11.467273
1.0,41,11.474555
1.0,34,11.4806
0.0,6,11.481676
0.0,17,11.484699
0.0,33,11.490568
0.0,22,11.494478
0.0,7,11.495727
1.0,61,11.506482
0.0,27,11.51133
1.0,31,11.516859
1.0,11,11.518814
1.0,81,11.532982
1.0,44,11.540821
0.0,3,11.541371
1.0,13,11.543665
1.0,40,11.550748
1.0,38,11.557503
0.0,43,11.565184
1.0,13,11.567507
0.0,79,11.581512
1.0,43,11.589144
1.0,40,11.59622
1.0,14,11.598684
0.0,17,11.601676
1.0,34,11.607698
0.0,35,11.613877
1.0,13,11.616178
1.0,67,11.627952
0.0,22,11.631824
0.0,6,11.632887
1.0,15,11.635484
1.0,83,11.650038
0.0,8,11.651471
1.0,29,11.65664
1.0,11,11.658593
1.0,38,11.665303
1.0,38,11.672007
0.0,21,11.675724
0.0,9,11.677339
1.0,78,11.691164
0.0,16,11.694025
0.0,4,11.694749
0.0,7,11.696001
1.0,75,11.709299
1.0,32,11.714988
1.0,29,11.720128
1.0,13,11.722447
0.0,8,11.723879
0.0,25,11.728316
1.0,29,11.733453
0.0,8,11.734879
1.0,108,11.753945
0.0,40,11.760451
0.0,21,11.764119
1.0,11,11.766077
0.0,7,11.767339
1.0,32,11.77302
0.0,8,11.774453
0.0,2,11.774815
0.0,15,11.777506
1.0,36,11.783902
1.0,27,11.788696
1.0,11,11.790644
0.0,32,11.796091
1.0,36,11.802451
0.0,14,11.804942
1.0,12,11.807071
1.0,54,11.816465
0.0,4,11.817172
1.0,33,11.82303
0.0,7,11.824287
0.0,64,11.835563
0.0,12,11.837729
1.0,31,11.84323
0.0,2,11.843593
1.0,61,11.854443
0.0,24,11.858705
0.0,111,11.87833
1.0,23,11.882396
1.0,45,11.890305
1.0,36,11.896658
1.0,33,11.902552
1.0,12,11.904667
1.0,75,11.91798
0.0,17,11.920999
1.0,18,11.924174
1.0,11,11.926127
1.0,47,11.934474
0.0,6,11.935548
0.0,1,11.935739
1.0,11,11.937694
1.0,73,11.950599
1.0,38,11.957346
0.0,44,11.965193
1.0,11,11.967172
0.0,52,11.97646
1.0,33,11.982292
1.0,42,11.989704
1.0,11,11.991657
1.0,64,12.00301
1.0,29,12.008164
0.0,20,12.011762
1.0,14,12.014239
0.0,14,12.016738
0.0,35,12.022834
0.0,7,12.024065
1.0,13,12.026377
0.0,13,12.028707
1.0,35,12.034888
1.0,72,12.047543
1.0,15,12.050189
1.0,48,12.058481
1.0,48,12.066907
1.0,49,12.075623
1.0,11,12.077559
0.0,14,12.080012
1.0,33,12.085823
1.0,29,12.090987
1.0,11,12.092933
1.0,25,12.097334
1.0,34,12.103356
1.0,29,12.108486
1.0,12,12.110597
1.0,25,12.114978
0.0,35,12.12105
1.0,28,12.126024
1.0,13,12.128322
0.0,30,12.133625
0.0,11,12.135573
1.0,34,12.141592
1.0,13,12.14389
0.0,14,12.146386
0.0,11,12.148337
0.0,8,12.149768
1.0,15,12.152414
0.0,12,12.154548
1.0,36,12.160887
1.0,33,12.166748
0.0,9,12.168368
1.0,55,12.17809
1.0,34,12.184116
1.0,33,12.18994
1.0,11,12.191881
0.0,8,12.193289
0.0,7,12.194546
0.0,8,12.19598
1.0,11,12.19793
1.0,27,12.202676
0.0,11,12.204621
0.0,16,12.207442
0.0,9,12.209042
1.0,29,12.214179
1.0,38,12.220906
1.0,34,12.226912
1.0,11,12.228871
0.0,6,12.229953
1.0,37,12.236495
0.0,14,12.238984
1.0,11,12.240934
0.0,7,12.242192
0.0,29,12.247305
0.0,8,12.248741
1.0,12,12.250865
1.0,41,12.258114
0.0,19,12.261495
1.0,40,12.268575
0.0,4,12.269297
0.0,19,12.2727
1.0,30,12.278007
1.0,35,12.284201
1.0,21,12.287881
1.0,40,12.294887
0.0,6,12.29596
1.0,26,12.300578
0.0,9,12.302198
1.0,27,12.306996
1.0,36,12.313356
1.0,26,12.317969
0.0,4,12.318688
1.0,37,12.325108
0.0,34,12.331133
1.0,27,12.336243
1.0,13,12.338545
0.0,12,12.34066
0.0,19,12.34401
1.0,26,12.348651
1.0,11,12.350603
0.0,11,12.352535
0.0,26,12.357
0.0,34,12.362963
0.0,2,12.363328
0.0,63,12.374406
0.0,8,12.37586
0.0,21,12.379638
1.0,11,12.381599
0.0,6,12.382678
0.0,9,12.384283
1.0,27,12.389088
1.0,11,12.391034
0.0,53,12.400335
0.0,19,12.403722
0.0,23,12.407803
1.0,15,12.410453
0.0,21,12.414221
0.0,13,12.41653
1.0,32,12.422186
1.0,13,12.424405
0.0,13,12.42666
0.0,1,12.426857
0.0,3,12.427431
0.0,6,12.428513
0.0,37,12.434612
0.0,31,12.439978
0.0,32,12.445647
1.0,15,12.448287
0.0,108,12.467161
0.0,64,12.478416
1.0,27,12.483273
1.0,14,12.485761
0.0,8,12.487205
1.0,128,12.509617
1.0,32,12.515312
1.0,12,12.517434
1.0,120,12.538462
0.0,10,12.540228
1.0,26,12.544862
1.0,15,12.547522
1.0,34,12.553573
1.0,40,12.56067
0.0,6,12.56174
1.0,12,12.56386
1.0,33,12.569603
1.0,13,12.571876
0.0,21,12.575645
1.0,11,12.577597
0.0,46,12.585742
0.0,57,12.595816
1.0,29,12.600944
1.0,11,12.602889
1.0,46,12.611044
1.0,62,12.621871
1.0,31,12.62746
1.0,12,12.6296
1.0,50,12.638501
0.0,51,12.647411
0.0,19,12.650815
1.0,12,12.652906
0.0,31,12.658427
0.0,2,12.658791
0.0,10,12.660569
1.0,16,12.663387
0.0,9,12.664979
0.0,18,12.668167
1.0,29,12.673333
1.0,13,12.675586
1.0,48,12.684076
0.0,22,12.687902
0.0,1,12.688096
1.0,13,12.690382
1.0,31,12.695887
0.0,77,12.709487
1.0,39,12.716414
1.0,12,12.71854
0.0,28,12.723558
1.0,84,12.737834
1.0,29,12.743068
1.0,13,12.745374
0.0,18,12.748599
1.0,75,12.761818
0.0,21,12.765561
1.0,14,12.768043
1.0,74,12.781135
0.0,36,12.787453
1.0,29,12.792638
1.0,14,12.795109
1.0,60,12.805717
0.0,58,12.816019
0.0,4,12.816751
1.0,12,12.818868
0.0,25,12.823342
1.0,45,12.831336
0.0,21,12.835113
1.0,14,12.837551
0.0,15,12.840247
0.0,15,12.842898
1.0,27,12.847687
1.0,19,12.851038
0.0,18,12.854286
1.0,43,12.861921
0.0,14,12.864435
1.0,14,12.86688
0.0,60,12.877585
0.0,33,12.883484
1.0,26,12.888185
0.0,2,12.888548
0.0,55,12.898261
0.0,65,12.909801
1.0,29,12.914986
1.0,11,12.916938
0.0,17,12.919974
1.0,69,12.932228
1.0,31,12.937721
1.0,11,12.939654
1.0,38,12.94636
1.0,43,12.95398
0.0,10,12.955741
1.0,15,12.958355
0.0,1,12.958537
1.0,53,12.967823
1.0,39,12.974696
1.0,13,12.977004
0.0,23,12.981059
1.0,48,12.98939
1.0,37,12.995883
0.0,9,12.997504
0.0,22,13.001248
1.0,39,13.008074
1.0,27,13.01283
1.0,55,13.022589
0.0,13,13.024912
1.0,34,13.030917
0.0,12,13.033047
1.0,16,13.035864
0.0,25,13.040329
0.0,4,13.041051
0.0,27,13.04575
1.0,15,13.048409
1.0,27,13.053153
1.0,40,13.060245
1.0,27,13.066805
1.0,15,13.069471
1.0,41,13.076737
1.0,70,13.089084
1.0,38,13.0958
0.0,8,13.097234
1.0,25,13.101558
1.0,45,13.109373
1.0,29,13.114557
1.0,13,13.116851
1.0,43,13.124333
0.0,15,13.126995
0.0,24,13.131234
1.0,22,13.13512
0.0,45,13.143063
1.0,38,13.149793
1.0,32,13.1555
1.0,17,13.158511
1.0,25,13.162893
1.0,26,13.167484
1.0,27,13.172292
1.0,14,13.174772
1.0,25,13.179168
0.0,13,13.181481
1.0,33,13.187324
1.0,14,13.189801
1.0,36,13.196085
0.0,25,13.200514
1.0,29,13.205673
1.0,23,13.209713
0.0,12,13.211869
0.0,11,13.213832
1.0,33,13.219707
1.0,18,13.222861
1.0,32,13.228496
0.0,14,13.230991
1.0,40,13.238042
1.0,18,13.241233
1.0,28,13.24615
1.0,50,13.254997
0.0,18,13.258183
1.0,18,13.261329
0.0,7,13.262584
1.0,35,13.268758
1.0,41,13.275939
1.0,13,13.278251
0.0,20,13.281751
1.0,34,13.287736
0.0,6,13.28881
1.0,20,13.292333
0.0,2,13.292694
1.0,40,13.29973
0.0,24,13.303951
1.0,17,13.306908
0.0,33,13.312522
1.0,35,13.318702
1.0,38,13.325403
1.0,17,13.328399
0.0,17,13.331413
1.0,42,13.339119
1.0,39,13.345988
1.0,13,13.34831
0.0,18,13.351506
0.0,8,13.35294
0.0,26,13.357501
1.0,17,13.360491
0.0,11,13.362461
0.0,14,13.364955
1.0,35,13.371147
1.0,17,13.374147
0.0,13,13.376469
0.0,19,13.379847
1.0,20,13.383422
0.0,9,13.385002
1.0,44,13.392784
0.0,6,13.393853
0.0,21,13.397575
1.0,11,13.399511
0.0,6,13.400584
0.0,34,13.406567
0.0,31,13.41205
0.0,9,13.413691
1.0,36,13.420013
0.0,51,13.429053
0.0,8,13.430463
1.0,13,13.432751
1.0,58,13.443041
0.0,42,13.450422
0.0,18,13.453608
0.0,19,13.457025
1.0,47,13.465389
0.0,31,13.470881
0.0,67,13.482798
1.0,15,13.48546
0.0,61,13.495753
1.0,46,13.503866
0.0,28,13.508804
0.0,7,13.510056
0.0,17,13.512984
1.0,85,13.527835
1.0,25,13.532329
1.0,17,13.535279
1.0,47,13.543608
1.0,44,13.551439
1.0,29,13.556605
0.0,10,13.55839
0.0,45,13.566091
1.0,32,13.571758
1.0,35,13.577937
1.0,16,13.58069
0.0,13,13.583026
1.0,33,13.588869
0.0,21,13.592627
1.0,13,13.594914
1.0,74,13.607999
0.0,11,13.60998
1.0,28,13.61499
1.0,11,13.616929
0.0,10,13.618717
0.0,150,13.645237
1.0,32,13.650929
0.0,6,13.651996
1.0,57,13.661999
0.0,25,13.666435
1.0,32,13.672134
1.0,14,13.674589
1.0,97,13.691675
0.0,152,13.718679
1.0,29,13.723825
1.0,14,13.726293
1.0,60,13.73691
1.0,166,13.766335
1.0,32,13.771987
1.0,12,13.774122
0.0,42,13.781595
0.0,6,13.782678
0.0,14,13.785198
1.0,11,13.787153
0.0,30,13.792467
0.0,46,13.800654
0.0,8,13.802091
0.0,9,13.803695
0.0,28,13.808665
0.0,92,13.824892
1.0,32,13.830609
0.0,24,13.83491
1.0,55,13.844661
1.0,130,13.867622
1.0,31,13.873144
0.0,11,13.875126
1.0,51,13.884155
0.0,52,13.89342
1.0,30,13.898794
0.0,34,13.904831
1.0,25,13.909253
1.0,37,13.915718
1.0,27,13.920563
1.0,319,13.976763
1.0,23,13.980841
0.0,5,13.981745
1.0,27,13.986582
0.0,14,13.989051
1.0,27,13.993795
0.0,29,13.998919
0.0,24,14.003179
0.0,13,14.005474
1.0,26,14.010056
0.0,17,14.013097
1.0,29,14.018233
1.0,45,14.026211
1.0,23,14.030307
0.0,29,14.035447
1.0,29,14.040641
0.0,6,14.041728
1.0,27,14.046496
1.0,42,14.053855
1.0,30,14.059217
1.0,48,14.067736
1.0,26,14.072349
0.0,4,14.073076
1.0,29,14.078253
0.0,4,14.078979
0.0,4,14.079704
1.0,65,14.091174
1.0,33,14.097076
0.0,47,14.105465
0.0,12,14.107619
0.0,58,14.117927
1.0,27,14.122806
1.0,36,14.129155
1.0,130,14.152259
1.0,58,14.162461
0.0,1,14.162659
0.0,55,14.172421
1.0,57,14.182531
1.0,39,14.189397
0.0,17,14.192448
1.0,22,14.196349
1.0,32,14.201979
1.0,41,14.209182
0.0,14,14.211703
1.0,14,14.214185
1.0,26,14.218752
0.0,24,14.223005
0.0,3,14.223553
1.0,15,14.226212
1.0,24,14.23048
1.0,141,14.255403
0.0,24,14.259635
1.0,26,14.264261
1.0,26,14.268867
1.0,31,14.274355
0.0,17,14.277375
1.0,17,14.280391
1.0,31,14.285862
0.0,25,14.29032
0.0,23,14.294409
1.0,13,14.296703
0.0,28,14.301622
1.0,32,14.307267
1.0,29,14.312432
1.0,15,14.315081
1.0,30,14.320311
1.0,34,14.326305
0.0,16,14.329155
1.0,12,14.331271
1.0,24,14.335506
1.0,39,14.342668
1.0,25,14.347103
1.0,15,14.349756
1.0,24,14.353989
0.0,30,14.359288
1.0,26,14.363905
1.0,14,14.366371
0.0,18,14.369569
1.0,35,14.375729
1.0,31,14.381196
0.0,10,14.382978
1.0,29,14.388101
1.0,42,14.395437
1.0,25,14.399901
1.0,11,14.401835
1.0,31,14.4073
1.0,32,14.412929
0.0,12,14.415066
1.0,16,14.417871
1.0,29,14.422989
0.0,12,14.425121
0.0,6,14.426189
1.0,4,14.426886
1.0,24,14.431107
1.0,36,14.437417
1.0,29,14.442427
1.0,17,14.445407
1.0,29,14.450484
1.0,33,14.456283
1.0,29,14.461393
0.0,6,14.462458
1.0,27,14.467194
1.0,32,14.472847
0.0,23,14.476941
1.0,17,14.479912
0.0,29,14.484986
1.0,29,14.490065
1.0,31,14.495573
1.0,13,14.497864
1.0,27,14.502617
1.0,64,14.513803
1.0,31,14.519281
1.0,16,14.522054
1.0,35,14.527987
1.0,50,14.53674
0.0,9,14.538329
1.0,18,14.541464
0.0,20,14.544965
1.0,32,14.550594
0.0,12,14.552739
1.0,18,14.555852
0.0,21,14.559479
1.0,31,14.564939
1.0,33,14.570715
1.0,15,14.57333
0.0,17,14.57629
1.0,32,14.581887
0.0,1,14.58208
1.0,15,14.584705
1.0,16,14.587506
1.0,41,14.594668
1.0,48,14.603157
1.0,15,14.605796
0.0,4,14.606511
1.0,31,14.611972
1.0,33,14.617786
1.0,16,14.620563
0.0,26,14.625023
0.0,6,14.626097
1.0,33,14.631911
1.0,14,14.634374
1.0,28,14.639289
1.0,33,14.645096
0.0,21,14.648782
1.0,14,14.651256
1.0,25,14.655676
1.0,32,14.661299
1.0,33,14.667067
1.0,15,14.669696
1.0,39,14.676487
0.0,22,14.680399
1.0,27,14.685172
1.0,14,14.68761
0.0,18,14.690769
0.0,9,14.692375
1.0,30,14.697704
1.0,19,14.701035
1.0,30,14.70628
0.0,4,14.706996
1.0,31,14.712466
0.0,4,14.713181
1.0,24,14.717378
0.0,15,14.719905
0.0,17,14.722915
1.0,14,14.725377
1.0,28,14.730283
0.0,13,14.732588
0.0,18,14.735787
0.0,4,14.736521
1.0,24,14.740755
0.0,16,14.743576
1.0,32,14.749233
1.0,107,14.76801
1.0,25,14.772434
1.0,38,14.779163
1.0,27,14.784002
1.0,97,14.801164
1.0,23,14.805252
0.0,30,14.810578
1.0,36,14.817008
1.0,34,14.823032
1.0,28,14.827976
0.0,25,14.832434
0.0,29,14.837619
1.0,35,14.843766
1.0,25,14.84823
0.0,20,14.851809
0.0,21,14.855534
1.0,35,14.861703
1.0,24,14.865975
1.0,32,14.871665
0.0,13,14.87399
1.0,17,14.876976
0.0,7,14.878235
1.0,34,14.884209
0.0,21,14.887825
0.0,14,14.890318
0.0,17,14.893336
1.0,40,14.900402
1.0,25,14.904859
0.0,18,14.90807
1.0,25,14.912503
1.0,34,14.918517
1.0,29,14.923614
1.0,31,14.929099
1.0,27,14.933861
1.0,35,14.940026
1.0,30,14.945298
1.0,14,14.947778
1.0,25,14.952198
1.0,32,14.957841
1.0,29,14.962987
1.0,14,14.965458
1.0,27,14.970248
1.0,28,14.975185
1.0,26,14.979794
1.0,15,14.982446
0.0,14,14.984933
1.0,41,14.992176
0.0,14,14.994654
1.0,16,14.997472
0.0,22,15.001293
1.0,31,15.006779
1.0,30,15.012087
1.0,14,15.014558
1.0,26,15.019076
1.0,32,15.024721
1.0,25,15.029177
1.0,15,15.031789
1.0,25,15.03621
0.0,14,15.038702
1.0,29,15.043851
1.0,15,15.046483
1.0,29,15.051508
0.0,21,15.055256
1.0,27,15.060056
1.0,17,15.063034
1.0,27,15.067791
1.0,36,15.074146
1.0,28,15.079164
1.0,14,15.08163
0.0,16,15.084447
1.0,34,15.090454
0.0,6,15.09153
1.0,14,15.093997
1.0,23,15.098044
1.0,34,15.104058
1.0,27,15.108844
1.0,17,15.11183
1.0,26,15.116406
1.0,35,15.1226
1.0,26,15.127177
0.0,9,15.128781
0.0,1,15.128973
1.0,32,15.134629
1.0,31,15.140144
1.0,15,15.1428
1.0,31,15.148245
1.0,32,15.153914
1.0,31,15.159437
1.0,14,15.161927
1.0,25,15.166295
1.0,30,15.171611
0.0,32,15.177286
1.0,14,15.179773
1.0,25,15.184156
0.0,23,15.188278
0.0,21,15.19202
1.0,16,15.194856
0.0,16,15.197664
1.0,32,15.20328
1.0,32,15.208996
1.0,19,15.212357
1.0,28,15.217322
1.0,35,15.223502
1.0,37,15.230077
1.0,16,15.232916
1.0,24,15.237139
1.0,31,15.242632
1.0,32,15.248348
1.0,14,15.250843
1.0,27,15.255596
1.0,60,15.266169
0.0,18,15.269388
1.0,16,15.272212
1.0,23,15.276307
1.0,61,15.28711
1.0,36,15.293492
1.0,14,15.295979
1.0,31,15.301448
1.0,46,15.309604
0.0,16,15.312422
1.0,16,15.315222
0.0,15,15.317885
1.0,36,15.324256
1.0,40,15.331418
1.0,18,15.334572
0.0,14,15.337084
1.0,41,15.344397
1.0,40,15.351588
0.0,6,15.352674
0.0,4,15.353399
0.0,39,15.360356
1.0,41,15.367596
1.0,16,15.370426
1.0,37,15.376917
1.0,42,15.38434
1.0,36,15.390735
1.0,14,15.393227
0.0,21,15.396862
1.0,39,15.403754
1.0,37,15.41027
1.0,14,15.412749
1.0,29,15.417858
1.0,40,15.424869
1.0,29,15.430007
1.0,21,15.433695
1.0,26,15.43823
1.0,27,15.442999
1.0,33,15.448815
1.0,16,15.451662
1.0,25,15.456093
1.0,27,15.460825
1.0,34,15.4668
1.0,15,15.469441
1.0,31,15.474917
0.0,9,15.476516
1.0,33,15.482347
1.0,14,15.48482
0.0,21,15.488564
1.0,29,15.49365
0.0,24,15.497839
1.0,14,15.5003
1.0,27,15.505096
0.0,25,15.509556
1.0,29,15.514689
1.0,17,15.517634
0.0,6,15.5187
0.0,16,15.521547
0.0,47,15.529718
1.0,17,15.532655
1.0,41,15.539739
1.0,41,15.546927
1.0,45,15.554805
1.0,16,15.557604
1.0,42,15.565018
1.0,16,15.567818
0.0,3,15.568338
1.0,14,15.570803
1.0,65,15.582199
0.0,14,15.584718
1.0,29,15.589896
1.0,16,15.592741
1.0,39,15.599538
1.0,26,15.604137
1.0,29,15.609326
1.0,17,15.61233
1.0,33,15.618162
1.0,31,15.62357
1.0,38,15.630156
1.0,18,15.633333
1.0,29,15.638459
0.0,29,15.643568
1.0,29,15.648709
1.0,17,15.651678
1.0,29,15.656789
1.0,25,15.661218
1.0,30,15.666561
1.0,14,15.66904
1.0,34,15.675011
1.0,29,15.680127
0.0,28,15.685052
1.0,14,15.687536
1.0,30,15.692853
1.0,41,15.700075
1.0,29,15.705213
1.0,18,15.70839
0.0,13,15.71071
1.0,29,15.715849
1.0,30,15.721218
1.0,16,15.724037
0.0,17,15.727074
1.0,31,15.732554
0.0,4,15.733275
0.0,8,15.734697
1.0,29,15.739857
1.0,27,15.744646
1.0,29,15.749781
1.0,14,15.752272
1.0,33,15.758147
1.0,25,15.762587
1.0,31,15.768074
1.0,16,15.770905
0.0,12,15.773025
1.0,26,15.777619
0.0,28,15.782641
1.0,16,15.785439
0.0,11,15.787404
1.0,29,15.792522
1.0,31,15.798051
0.0,6,15.799126
0.0,33,15.804961
1.0,37,15.811526
1.0,29,15.816673
1.0,16,15.819479
0.0,166,15.848716
1.0,32,15.854422
1.0,27,15.85928
1.0,18,15.862471
0.0,25,15.866912
1.0,36,15.873235
1.0,34,15.87922
1.0,16,15.88205
1.0,30,15.887363
1.0,34,15.893384
1.0,27,15.898222
1.0,14,15.900759
1.0,40,15.907838
0.0,4,15.908558
0.0,26,15.913217
1.0,14,15.915702
0.0,17,15.918727
1.0,31,15.924176
1.0,33,15.930083
1.0,16,15.932908
1.0,70,15.945368
1.0,51,15.954438
1.0,31,15.959938
1.0,14,15.962413
1.0,32,15.968087
1.0,35,15.974261
1.0,29,15.979473
1.0,15,15.982111
1.0,33,15.98799
1.0,32,15.993649
0.0,29,15.998842
1.0,11,16.000797
0.0,21,16.004551
1.0,34,16.010527
0.0,35,16.016684
0.0,5,16.017574
1.0,29,16.022683
0.0,35,16.028883
0.0,30,16.03425
1.0,13,16.036534
1.0,28,16.041456
0.0,18,16.044686
0.0,31,16.050244
1.0,11,16.052196
1.0,62,16.063084
1.0,157,16.090803
0.0,21,16.094569
1.0,11,16.096519
0.0,26,16.101157
1.0,38,16.107867
1.0,33,16.113723
1.0,13,16.116019
1.0,35,16.122128
0.0,62,16.133131
0.0,8,16.13455
1.0,18,16.137721
0.0,20,16.141184
1.0,56,16.151078
1.0,36,16.157492
1.0,11,16.159439
1.0,31,16.164912
1.0,34,16.170856
1.0,31,16.176438
1.0,12,16.178519
1.0,31,16.183955
0.0,23,16.188064
0.0,4,16.188777
1.0,11,16.19073
1.0,27,16.195491
1.0,41,16.202712
1.0,27,16.207535
1.0,12,16.209651
0.0,13,16.211928
0.0,21,16.215613
1.0,32,16.221315
0.0,2,16.221677
1.0,30,16.226996
0.0,9,16.228608
0.0,23,16.232701
1.0,12,16.234813
1.0,35,16.241033
0.0,50,16.249812
1.0,30,16.255126
1.0,13,16.257404
1.0,30,16.26267
1.0,46,16.270773
1.0,29,16.275962
1.0,12,16.278075
1.0,32,16.283724
1.0,31,16.289185
0.0,21,16.292936
1.0,17,16.295873
1.0,25,16.300306
1.0,36,16.306649
1.0,36,16.313035
1.0,15,16.315665
0.0,10,16.317432
1.0,41,16.324611
1.0,29,16.329784
0.0,10,16.331557
0.0,4,16.332279
1.0,42,16.339698
0.0,21,16.343389
1.0,11,16.345321
1.0,55,16.355261
0.0,31,16.360764
1.0,33,16.366639
1.0,11,16.368583
1.0,23,16.372687
1.0,41,16.379907
1.0,35,16.386074
1.0,14,16.388537
0.0,4,16.389252
0.0,19,16.392587
0.0,18,16.395796
1.0,14,16.398252
0.0,6,16.399328
1.0,40,16.406375
0.0,23,16.410478
1.0,11,16.41241
1.0,35,16.418588
0.0,33,16.424279
0.0,22,16.4282
1.0,11,16.430146
1.0,41,16.437368
1.0,38,16.44407
1.0,29,16.449242
1.0,11,16.451185
1.0,25,16.455616
1.0,36,16.461947
1.0,34,16.467951
1.0,13,16.470233
1.0,28,16.475154
1.0,31,16.480631
1.0,36,16.487036
0.0,6,16.488114
0.0,24,16.492376
0.0,20,16.495914
1.0,27,16.500732
1.0,11,16.502667
0.0,6,16.503762
1.0,37,16.510286
1.0,32,16.515963
1.0,13,16.518245
1.0,6,16.519281
1.0,48,16.527675
0.0,1,16.527864
1.0,15,16.530503
0.0,4,16.531229
0.0,4,16.531955
1.0,39,16.538855
1.0,13,16.541137
1.0,26,16.545737
0.0,6,16.546812
1.0,31,16.552282
1.0,17,16.555254
0.0,14,16.557736
1.0,36,16.56403
1.0,31,16.569551
1.0,13,16.571827
1.0,25,16.576249
0.0,11,16.578176
1.0,29,16.583342
1.0,11,16.585283
1.0,27,16.590032
1.0,34,16.596013
1.0,35,16.602191
1.0,11,16.60413
1.0,28,16.60907
1.0,32,16.614683
1.0,40,16.621726
0.0,10,16.623496
1.0,23,16.627513
1.0,37,16.634032
1.0,33,16.639876
1.0,11,16.641817
1.0,31,16.647306
1.0,29,16.652385
0.0,3,16.652932
1.0,13,16.655217
1.0,24,16.659457
1.0,44,16.667109
1.0,32,16.672794
0.0,7,16.674048
1.0,28,16.678934
1.0,40,16.685891
1.0,31,16.691414
0.0,10,16.693189
0.0,19,16.696538
1.0,30,16.701842
1.0,44,16.709599
1.0,12,16.711682
0.0,10,16.713459
1.0,30,16.718714
1.0,37,16.725252
0.0,9,16.726868
1.0,26,16.731414
0.0,75,16.744648
1.0,29,16.749861
1.0,21,16.753533
0.0,19,16.756927
0.0,14,16.759367
1.0,29,16.764561
0.0,8,16.765985
0.0,8,16.767445
1.0,31,16.772918
1.0,31,16.778446
1.0,13,16.780743
0.0,12,16.782894
1.0,33,16.788686
1.0,33,16.794531
0.0,7,16.795766
1.0,27,16.800547
0.0,9,16.802166
1.0,31,16.807699
1.0,22,16.81158
1.0,25,16.816023
0.0,21,16.819567
1.0,39,16.82648
0.0,10,16.82826
1.0,29,16.833403
0.0,13,16.835699
1.0,32,16.841399
1.0,17,16.844386
1.0,23,16.848478
1.0,54,16.857923
1.0,32,16.863623
1.0,18,16.866769
1.0,27,16.871542
0.0,42,16.878973
1.0,35,16.885181
1.0,13,16.88746
1.0,28,16.892385
1.0,33,16.898207
0.0,11,16.90019
1.0,11,16.902143
1.0,29,16.90728
0.0,38,16.913948
1.0,36,16.920353
0.0,9,16.921968
1.0,25,16.926412
0.0,28,16.931392
1.0,32,16.937083
1.0,31,16.944453
1.0,32,16.95013
0.0,7,16.95138
1.0,41,16.958632
1.0,15,16.96129
0.0,8,16.962725
1.0,34,16.968755
1.0,31,16.974282
1.0,13,16.976582
0.0,6,16.977655
1.0,34,16.983641
1.0,31,16.989163
1.0,17,16.992172
1.0,31,16.997663
0.0,2,16.998017
1.0,34,17.004038
1.0,15,17.006676
1.0,26,17.011263
0.0,2,17.011614
1.0,35,17.017832
0.0,9,17.019424
1.0,23,17.023501
1.0,31,17.028971
1.0,36,17.035307
1.0,13,17.037591
1.0,27,17.04238
0.0,21,17.046125
0.0,10,17.047908
1.0,13,17.050206
0.0,27,17.054961
1.0,36,17.061267
1.0,31,17.066771
1.0,15,17.069405
0.0,19,17.072776
0.0,28,17.077715
1.0,37,17.084248
0.0,5,17.085133
1.0,25,17.089539
1.0,34,17.095523
1.0,33,17.10139
1.0,19,17.104743
1.0,25,17.109166
1.0,34,17.115137
1.0,36,17.121492
0.0,4,17.122209
1.0,32,17.127845
0.0,6,17.128917
0.0,19,17.132286
1.0,13,17.134572
1.0,39,17.141456
0.0,21,17.145153
1.0,37,17.151686
1.0,15,17.154222
0.0,6,17.155276
1.0,34,17.161258
1.0,30,17.166605
0.0,6,17.167676
1.0,31,17.173126
0.0,7,17.17437
1.0,31,17.179892
1.0,15,17.18258
1.0,31,17.188021
1.0,38,17.194691
1.0,41,17.201953
1.0,18,17.205109
1.0,27,17.209851
1.0,25,17.214266
1.0,45,17.222225
0.0,9,17.223832
1.0,29,17.228955
1.0,36,17.235269
1.0,42,17.242655
1.0,13,17.244952
0.0,16,17.247809
1.0,40,17.254874
1.0,31,17.260395
0.0,6,17.26147
0.0,23,17.265542
0.0,41,17.27279
1.0,31,17.278308
0.0,11,17.280268
1.0,31,17.285679
1.0,40,17.292747
1.0,33,17.298606
1.0,13,17.300897
1.0,27,17.305616
1.0,37,17.312154
0.0,24,17.31643
0.0,9,17.318036
0.0,14,17.320493
1.0,32,17.326119
1.0,38,17.332831
1.0,18,17.335987
1.0,25,17.340412
1.0,36,17.346758
1.0,47,17.35535
1.0,21,17.359065
1.0,24,17.363318
0.0,32,17.36894
0.0,38,17.375638
1.0,14,17.378063
1.0,54,17.387411
0.0,31,17.392924
1.0,47,17.401278
1.0,15,17.40392
0.0,18,17.407071
0.0,36,17.413422
0.0,32,17.419105
1.0,15,17.421707
0.0,28,17.426691
1.0,55,17.4364
1.0,37,17.442972
0.0,6,17.444049
0.0,84,17.458932
1.0,88,17.474504
1.0,32,17.480166
1.0,21,17.483878
0.0,6,17.484952
0.0,105,17.503588
1.0,51,17.512693
1.0,13,17.515014
1.0,29,17.520179
0.0,92,17.536426
0.0,8,17.537861
1.0,15,17.540506
1.0,33,17.546337
0.0,24,17.550604
1.0,41,17.557875
1.0,15,17.560531
1.0,27,17.565291
0.0,7,17.566547
1.0,35,17.572741
1.0,15,17.575348
1.0,29,17.580459
1.0,93,17.59676
1.0,35,17.602932
1.0,13,17.605231
0.0,16,17.608079
1.0,91,17.624152
1.0,37,17.630683
1.0,14,17.633148
1.0,23,17.637177
1.0,56,17.647094
1.0,46,17.655265
0.0,9,17.656873
1.0,25,17.661263
1.0,38,17.667958
1.0,33,17.673836
